name    color
a   red
b   blue


sample	chr	start	end	type	num_coy	size	score	DUP/DEL
605c921c622ded082ff6e41a	10	6654404	6654407	DEL	0	3	0.0	1
605c921c622ded082ff6e41a	10	6664188	6664191	DEL	0	3	0.0	1
605c921c622ded082ff6e41a	11	49709801	49709802	DEL	0	1	0.0	1
605c921c622ded082ff6e41a	11	49757715	49757716	DEL	0	1	0.0	1
605c921c622ded082ff6e41a	11	85263026	85263028	DEL	0	2	0.0	1
605c921c622ded082ff6e41a	11	85274775	85274777	DEL	0	2	0.0	1
605c921c622ded082ff6e41a	12	56880713	56880751	DEL	0	38	0.0	1
605c921c622ded082ff6e41a	12	56880748	56880786	DEL	0	38	0.0	1
605c921c622ded082ff6e41a	14	41669664	41669668	DUP	0	4	0.0	-1
605c921c622ded082ff6e41a	14	69744625	69744629	DUP	0	4	0.0	-1
605c921c622ded082ff6e41a	16	83196146	83196147	DEL	0	1	0.0	1
605c921c622ded082ff6e41a	16	83209726	83209727	DEL	0	1	0.0	1
605c921c622ded082ff6e41a	17	43655785	43655790	DUP	0	5	0.0	-1
605c921c622ded082ff6e41a	17	44366709	44366714	DUP	0	5	0.0	-1
605c921c622ded082ff6e41a	2	1735053	1735065	DEL	0	12	0.0	1
605c921c622ded082ff6e41a	2	1735104	1735116	DEL	0	12	0.0	1
605c921c622ded082ff6e41a	3	155479632	155479633	DUP	0	1	0.0	-1
605c921c622ded082ff6e41a	3	155513478	155513479	DUP	0	1	0.0	-1
605c921c622ded082ff6e41a	3	162512132	162512134	DEL	0	2	0.0	1
605c921c622ded082ff6e41a	3	162626334	162626336	DEL	0	2	0.0	1
605c921c622ded082ff6e41a	3	192875328	192875332	DEL	0	4	0.0	1
